000: 03 00 00 00 CC 00 04 00 00 00 0A 00 00 00 FC 00 |
001: 04 00 00 00 12 05 00 00 FC 0D 04 00 00 00 05 00 |
002: 00 00 DF 00 4C 00 00 00 AA DF 05 00 00 00 00 AA |
003: 03 00 00 00 04 00 00 00 00 00 80 38 01 AA 03 00 |
004: 00 00 04 00 00 00 00 00 80 38 02 AA 03 00 00 00 |
005: 04 00 00 00 00 00 00 38 03 AA 02 00 00 00 04 00 |
006: 00 00 00 00 80 37 04 AA 00 00 00 00 04 00 00 00 |
007: 00 00 00 00 DF 00 24 00 00 00 D0 DF 03 00 00 00 |
008: 00 AA 08 00 00 00 00 00 00 00 01 AA 04 00 00 00 |
009: 00 00 00 00 02 AA 04 00 00 00 00 00 00 00 DF 00 |
010: 1A 00 00 00 BB DF 02 00 00 00 00 BB FF FF FF FF |
011: 00 00 00 00 01 BB 04 00 00 00 00 00 00 00 DF 00 |
012: 10 00 00 00 EE DF 01 00 00 00 00 CC 01 00 00 00 |
013: 00 00 00 00 DF 00 24 00 00 00 CC DF 03 00 00 00 |
014: 00 CC 02 00 00 00 00 00 00 00 01 CC 02 00 00 00 |
015: 00 00 00 00 02 CC 02 00 00 00 00 00 00 00 10 00 |
016: 08 00 00 00 9C 81 0F 00 00 00 00 00 D0 00 08 00 |
017: 00 00 C2 04 00 00 00 00 00 00 DF FD 06 00 00 00 |
018: DF FD 00 00 00 00 00 00 96 03 00 00 AB CF 02 00 |
019: 00 00 05 AA 08 00 00 00 00 00 00 00 06 AA FF FF |
020: FF FF 00 00 00 00 00 00 00 00 00 00 5E 40 74 03 |
021: 00 00 AA CF 0A 00 00 00 00 AA 04 00 00 00 00 00 |
022: 00 00 01 AA 04 00 00 00 00 00 00 00 02 AA 04 00 |
023: 00 00 00 00 00 00 07 AA 04 00 00 00 00 00 00 00 |
024: 03 AA 08 00 00 00 00 00 00 00 08 AA FF FF FF FF |
025: 00 00 00 00 09 AA 04 00 00 00 00 00 00 00 10 AA |
026: FF FF FF FF 00 00 00 00 11 AA 08 00 00 00 00 00 |
027: 00 00 12 AA FF FF FF FF 00 00 00 00 0A 00 00 00 |
028: 00 04 00 00 00 04 00 00 C6 27 20 00 C6 27 20 00 |
029: 00 00 00 00 00 00 F0 3F 16 00 00 00 42 4F 4E 49 |
030: 54 41 5F 32 5F 4D 4F 43 41 50 5F 31 4D 50 00 00 |
031: 00 00 06 00 00 00 30 20 E2 74 92 AD 2E A7 D8 3F |
032: 0D 00 00 00 42 6F 6E 69 74 61 20 31 30 00 04 00 |
033: 00 00 04 00 00 CF 27 20 00 CF 27 20 00 00 00 00 |
034: 00 00 00 F0 3F 16 00 00 00 42 4F 4E 49 54 41 5F |
035: 32 5F 4D 4F 43 41 50 5F 31 4D 50 00             |